#  bp.change = change in blood pressure, after - before
#  town 0 = A, town 1 = B
#  calcium = 0 if subject randomized to placebo,
#  calcium = 1 if subject randomized to calcium supplementation

bp.change[] town[] calcium[]
  -13.8       0       1
  -14.4       0       1
    2.2       0       0
    4.8       0       0
   -8.6       0       1
   -4.2       0       1
    2.7       0       1
    3.2       0       0
   -4.5       0       1
    0.8       0       0
   -4.4       0       1
    0.8       0       0
   -1.3       0       0
   -7.5       0       1
   -0.6       0       1
    8.4       0       1
   -1.2       0       0
    4.7       0       0
    1.8       0       0
    2.0       0       1
  -12.1       0       1
  -10.9       0       1
  -12.1       0       1
  -14.9       0       1
  -22.0       0       1
   -1.1       0       0
    5.9       0       1
  -18.7       0       1
  -12.1       0       1
    2.7       0       0
   -0.3       0       0
  -19.2       0       1
    3.1       0       0
  -25.4       0       1
   -2.6       0       1
    2.8       0       0
  -18.4       0       1
  -15.2       0       1
    2.6       0       0
    0.3       0       1
   -6.5       0       1
  -12.1       0       1
   -2.9       0       0
  -13.2       0       1
   -0.7       0       0
  -16.6       0       1
  -19.5       0       1
    0.9       0       0
    8.1       0       0
    1.0       0       0
    1.1       0       0
   -8.0       0       0
  -11.3       0       1
  -20.0       0       1
    1.9       0       0
  -19.2       0       1
    0.9       0       1
   -3.5       0       0
   -1.6       0       0
   12.0       0       1
   -0.7       0       1
  -14.8       0       1
  -12.6       0       1
   -0.3       0       0
   -8.1       0       1
   -1.9       0       0
    3.1       0       0
    0.8       0       0
  -24.6       0       1
   -0.9       0       0
   -1.9       0       0
   -0.2       0       0
   -6.3       0       0
  -32.1       0       1
  -12.1       0       1
   -0.6       0       0
   -0.4       0       0
    0.8       0       0
  -18.2       0       1
  -23.4       0       1
  -10.8       0       1
  -13.1       0       1
   -2.2       0       1
    1.5       0       0
   -0.2       0       1
    7.9       0       1
  -28.9       0       1
   -7.8       0       1
  -12.0       0       1
   -0.6       0       0
   -6.5       0       1
    4.4       0       0
  -17.2       0       1
    0.9       0       0
   11.0       0       1
   -5.2       0       0
   -4.0       0       0
    6.2       0       1
    9.9       0       0
   -5.1       0       0
    6.4       0       0
    2.5       0       1
    2.2       0       0
   -0.3       0       0
    3.6       0       1
   -2.0       0       0
  -22.4       0       1
   -0.3       0       0
  -22.1       0       1
    3.3       0       0
   -3.2       0       1
  -17.3       0       1
  -21.1       0       1
    3.0       0       0
   -2.0       0       0
  -14.8       0       1
   -9.9       0       1
    2.6       0       0
    4.8       0       1
   -0.2       0       0
   -1.6       0       0
  -25.4       0       1
    0.8       0       0
    2.6       0       0
  -14.1       0       1
   -5.2       0       0
    1.5       0       1
    0.7       0       0
   -1.8       0       1
    0.1       0       0
   -0.9       0       0
    3.4       0       0
    1.5       0       1
  -12.0       0       1
    2.0       0       0
  -13.0       0       1
    4.3       0       1
  -17.8       0       1
    4.0       0       0
   -0.4       0       0
    2.9       0       0
   -1.5       0       0
   -1.4       0       0
   -2.4       0       1
   -2.2       0       0
    0.1       0       0
   -5.9       0       1
   -1.3       0       1
  -21.1       0       1
    1.2       0       0
   -0.7       0       0
  -16.7       0       1
  -17.3       0       1
   -4.5       0       1
  -27.6       0       1
   -2.4       0       0
   -4.3       0       1
   -1.5       0       1
  -20.9       0       1
   -5.0       0       1
  -16.1       0       1
    0.7       0       1
   -1.7       0       0
  -10.2       0       1
    0.5       0       0
  -10.8       0       1
  -15.8       0       1
   -0.1       0       0
    1.0       0       1
    1.4       0       0
   -1.9       0       0
   -1.9       0       0
    3.4       0       1
   -9.4       0       1
    0.9       0       0
   -6.2       0       1
    0.1       0       0
    3.1       0       0
    3.5       0       0
  -18.8       0       1
   -6.4       0       0
   -5.8       0       1
  -25.0       0       1
  -24.7       0       1
   -8.2       0       1
   -2.0       0       0
  -15.7       0       1
    2.3       0       0
   -2.3       0       0
  -20.8       0       1
    2.4       0       0
   -6.1       0       1
   -4.5       0       1
  -15.0       0       1
   -1.0       0       0
   -5.2       0       1
   -2.8       0       0
   -3.3       0       1
    1.2       0       0
  -15.9       0       1
  -22.4       0       1
   -4.9       0       1
   -6.4       0       1
  -23.9       0       1
   -6.5       0       0
   -2.5       0       0
    3.6       0       1
    0.5       0       1
  -11.5       0       1
  -28.8       0       1
   -0.3       0       0
  -10.7       0       1
   -0.7       0       0
    2.9       0       0
   -5.3       0       1
  -15.2       0       1
   -4.6       0       0
    1.5       0       0
  -16.4       0       1
  -10.8       0       1
   -2.3       0       0
   10.5       0       1
  -10.5       0       1
   -5.3       0       0
   -5.7       0       0
   -6.8       0       1
  -11.5       0       1
   -1.1       0       0
    0.0       0       0
    0.5       0       0
    4.8       0       0
  -19.9       0       1
  -13.4       0       1
   -6.7       0       1
   -7.6       0       1
   -1.4       0       0
  -12.9       0       1
    2.9       0       0
  -14.1       0       1
   -5.3       0       1
    6.2       0       1
  -17.3       0       1
    3.6       0       0
  -19.7       0       1
  -13.2       0       1
   -2.3       0       0
   -1.7       0       0
    1.7       0       1
  -19.6       0       1
    2.5       0       0
  -13.8       0       1
  -14.4       0       1
    2.1       0       1
  -22.2       0       1
  -22.2       0       1
  -14.1       0       1
  -26.0       0       1
   -3.5       0       0
   -2.3       0       0
  -12.9       0       1
  -17.2       0       1
  -15.3       0       1
  -19.3       0       1
   -3.1       0       0
  -15.3       0       1
   -0.3       0       0
   -2.5       0       1
   -1.0       0       1
  -13.8       0       1
    2.7       0       0
   -3.4       0       0
    0.0       0       1
  -19.4       0       1
  -12.4       0       1
   -8.7       0       1
   -1.3       0       0
   -2.8       0       0
   -2.4       0       1
    1.6       0       1
   -9.0       0       1
  -25.2       0       1
   -0.6       0       0
   -0.5       0       0
   -4.5       0       0
   -5.0       0       0
   -7.6       0       0
    2.4       0       0
  -19.1       0       1
    0.3       0       0
   -3.4       0       0
    2.6       0       0
    0.1       0       0
   -9.1       0       1
  -11.4       0       1
    0.7       0       0
    1.7       0       0
    2.6       0       0
    0.8       0       1
   -4.6       0       0
   -1.8       0       1
    1.6       1       0
   -1.2       1       0
    0.2       1       0
    2.1       1       1
    1.7       1       0
   -3.0       1       0
   -0.8       1       0
   -5.0       1       0
   -6.1       1       0
   -3.4       1       0
    3.3       1       0
  -15.5       1       1
    1.9       1       0
   -3.0       1       0
   -0.8       1       0
  -11.7       1       1
    0.8       1       0
   -2.7       1       0
   -0.4       1       0
   -7.6       1       1
  -11.4       1       1
    0.6       1       0
   -0.3       1       0
   -5.9       1       1
    1.4       1       0
    1.0       1       1
    1.8       1       0
  -18.7       1       1
    4.8       1       0
  -11.7       1       1
   10.2       1       1
   -2.4       1       1
  -15.8       1       1
   -1.0       1       0
   -3.1       1       0
   -0.5       1       0
   -1.9       1       0
    3.1       1       1
    1.0       1       1
   -4.2       1       1
    1.5       1       1
    2.9       1       1
    3.3       1       0
    0.2       1       0
    0.1       1       1
    2.8       1       1
   -2.9       1       1
    1.8       1       0
   -2.9       1       1
    5.6       1       0
    8.0       1       1
    3.0       1       0
    0.4       1       0
    1.0       1       1
    2.5       1       1
  -10.4       1       1
    5.7       1       0
    4.5       1       0
   -0.9       1       0
   -0.6       1       0
  -11.1       1       1
    3.8       1       0
    3.0       1       0
   -2.4       1       0
  -12.8       1       1
   -2.8       1       1
   -2.6       1       1
   -5.4       1       1
   -9.1       1       1
    5.7       1       0
   -4.1       1       1
  -15.0       1       1
  -10.0       1       1
  -16.7       1       1
    0.6       1       0
   -2.8       1       1
   -6.3       1       1
   -3.0       1       1
    4.7       1       1
    2.0       1       0
   -6.8       1       1
   -0.8       1       0
    0.0       1       0
  -30.0       1       1
  -22.8       1       1
   -5.8       1       1
   -4.4       1       0
    4.0       1       1
  -22.2       1       1
   -2.8       1       0
   -9.9       1       1
    1.4       1       0
    3.2       1       0
    5.0       1       1
    1.4       1       0
   -1.9       1       0
   -4.9       1       0
  -15.2       1       1
    2.4       1       0
   -2.3       1       0
    NA        1       0
    NA        1       0
    NA        1       1
    NA        1       1
    NA        1       0
    NA        1       1
    NA        1       0
    NA        1       1
    NA        1       0
    NA        1       1
    NA        1       1
    NA        1       1
    NA        1       1
    NA        1       0
    NA        1       0
    NA        1       0
    NA        1       1
    NA        1       0
    NA        1       1
    NA        1       0
    NA        1       0
    NA        1       0
    NA        1       1
    NA        1       0
    NA        1       1
    NA        1       0
    NA        1       1
    NA        1       0
    NA        1       0
    NA        1       1
    NA        1       0
    NA        1       1
    NA        1       1
    NA        1       1
    NA        1       0
    NA        1       1
    NA        1       0
    NA        1       0
    NA        1       0
    NA        1       0
    NA        1       1
    NA        1       0
    NA        1       1
    NA        1       0
    NA        1       1
    NA        1       0
    NA        1       0
    NA        1       1
    NA        1       0
    NA        1       0
    NA        1       0
    NA        1       1
    NA        1       0
    NA        1       1
    NA        1       0
    NA        1       1
    NA        1       1
    NA        1       0
    NA        1       1
    NA        1       1
    NA        1       1
    NA        1       1
    NA        1       0
    NA        1       1
    NA        1       0
    NA        1       1
    NA        1       0
    NA        1       1
    NA        1       1
    NA        1       0
    NA        1       0
    NA        1       1
    NA        1       1
    NA        1       1
    NA        1       0
    NA        1       0
    NA        1       1
    NA        1       1
    NA        1       1
    NA        1       0
    NA        1       0
    NA        1       1
    NA        1       0
    NA        1       1
    NA        1       1
    NA        1       1
    NA        1       0
    NA        1       0
    NA        1       1
    NA        1       0
    NA        1       1
    NA        1       1
    NA        1       0
    NA        1       1
    NA        1       0
    NA        1       1
    NA        1       0
    NA        1       0
    NA        1       1
    NA        1       1
    NA        1       0
    NA        1       1
    NA        1       0
    NA        1       1
    NA        1       0
    NA        1       1
    NA        1       0
    NA        1       0
    NA        1       1
    NA        1       1
    NA        1       0
    NA        1       0
    NA        1       1
    NA        1       0
    NA        1       1
    NA        1       1
    NA        1       0
    NA        1       1
    NA        1       0
    NA        1       1
    NA        1       1
    NA        1       1
    NA        1       0
    NA        1       1
    NA        1       1
    NA        1       1
    NA        1       0
    NA        1       1
    NA        1       0
    NA        1       0
    NA        1       1
    NA        1       0
    NA        1       0
    NA        1       0
    NA        1       1
    NA        1       1
    NA        1       1
    NA        1       1
    NA        1       0
    NA        1       1
    NA        1       1
    NA        1       1
    NA        1       1
    NA        1       1
    NA        1       1
    NA        1       1
    NA        1       1
    NA        1       1
    NA        1       1
    NA        1       0
    NA        1       0
    NA        1       1
    NA        1       0
    NA        1       0
    NA        1       1
    NA        1       0
    NA        1       1
    NA        1       0
    NA        1       1
    NA        1       1
    NA        1       1
    NA        1       0
    NA        1       0
    NA        1       0
    NA        1       1
    NA        1       0
    NA        1       1
    NA        1       0
    NA        1       1
    NA        1       0
    NA        1       0
    NA        1       1
    NA        1       1
    NA        1       0
    NA        1       0
    NA        1       0
    NA        1       1
    NA        1       0
    NA        1       0
    NA        1       0
    NA        1       0
    NA        1       0
    NA        1       1
    NA        1       0
    NA        1       1
    NA        1       1
    NA        1       1
    NA        1       1
    NA        1       1
    NA        1       0
    NA        1       1
    NA        1       0
    NA        1       0
    NA        1       1
    NA        1       0
    NA        1       0
    NA        1       1
    NA        1       1
    NA        1       0
    NA        1       0
END
